17.8819 -1.53514 6.1654 2.80285 -10.9037 4.88533 3.69262
-1.53514 19.4082 -6.70247 -6.50627 1.83767 3.2394 8.23961
6.1654 -6.70247 18.6448 0.672418 -3.02879 6.22804 0.452644
2.80285 -6.50627 0.672418 16.1522 0.312479 6.92338 -5.06882
-10.9037 1.83767 -3.02879 0.312479 15.5461 -0.774942 -1.3716
4.88533 3.2394 6.22804 6.92338 -0.774942 24.8638 4.87013
3.69262 8.23961 0.452644 -5.06882 -1.3716 4.87013 22.3244
